%YAML:1.0
---
calibration_time: "Sat 17 Apr 2021 17:52:16 IST"
image_width: 640
image_height: 480
flags: 0
camera_matrix: !!opencv-matrix
   rows: 3
   cols: 3
   dt: d
   data: [ 1.2369523133017822e+03, 0., 3.2213957076362686e+02, 0.,
       1.2280156240614383e+03, 1.9817734243848793e+02, 0., 0., 1. ]
distortion_coefficients: !!opencv-matrix
   rows: 1
   cols: 5
   dt: d
   data: [ 4.5397562075272097e-01, -2.8185949774979779e+01,
       9.3078542501189142e-03, -3.6622999134003601e-03,
       2.9996784418312853e+02 ]
avg_reprojection_error: 9.0602413809863114e-01
